#-Hlavicka-#
# y0 = 200.00m, v0y = 2.00m/s, ymax = 200.20m, tmax = 0.20s
#----------#
0.00	200.00	2.00
0.01	200.02	1.90
0.02	200.04	1.80
0.03	200.06	1.71
0.04	200.07	1.61
0.05	200.09	1.51
0.06	200.11	1.41
0.07	200.12	1.31
0.08	200.13	1.22
0.09	200.14	1.12
0.10	200.16	1.02
0.11	200.17	0.92
0.12	200.18	0.82
0.13	200.18	0.73
0.14	200.19	0.63
0.15	200.20	0.53
0.16	200.20	0.43
0.17	200.21	0.33
0.18	200.21	0.23
0.19	200.21	0.14
0.20	200.21	0.04
0.21	200.21	-0.06
0.22	200.21	-0.16
0.23	200.21	-0.26
0.24	200.21	-0.35
0.25	200.21	-0.45
0.26	200.20	-0.55
0.27	200.20	-0.65
0.28	200.19	-0.75
0.29	200.18	-0.84
0.30	200.17	-0.94
0.31	200.16	-1.04
0.32	200.15	-1.14
0.33	200.14	-1.24
0.34	200.13	-1.33
0.35	200.12	-1.43
0.36	200.10	-1.53
0.37	200.09	-1.63
0.38	200.07	-1.73
0.39	200.05	-1.82
0.40	200.04	-1.92
0.41	200.02	-2.02
0.42	200.00	-2.12
0.43	199.97	-2.22
0.44	199.95	-2.31
0.45	199.93	-2.41
0.46	199.91	-2.51
0.47	199.88	-2.61
0.48	199.85	-2.71
0.49	199.83	-2.81
0.50	199.80	-2.90
0.51	199.77	-3.00
0.52	199.74	-3.10
0.53	199.71	-3.20
0.54	199.68	-3.30
0.55	199.64	-3.39
0.56	199.61	-3.49
0.57	199.57	-3.59
0.58	199.54	-3.69
0.59	199.50	-3.79
0.60	199.46	-3.88
0.61	199.43	-3.98
0.62	199.39	-4.08
0.63	199.34	-4.18
0.64	199.30	-4.28
0.65	199.26	-4.37
0.66	199.22	-4.47
0.67	199.17	-4.57
0.68	199.13	-4.67
0.69	199.08	-4.77
0.70	199.03	-4.86
0.71	198.98	-4.96
0.72	198.93	-5.06
0.73	198.88	-5.16
0.74	198.83	-5.26
0.75	198.78	-5.35
0.76	198.73	-5.45
0.77	198.67	-5.55
0.78	198.62	-5.65
0.79	198.56	-5.75
0.80	198.50	-5.85
0.81	198.44	-5.94
0.82	198.38	-6.04
0.83	198.32	-6.14
0.84	198.26	-6.24
0.85	198.20	-6.34
0.86	198.14	-6.43
0.87	198.07	-6.53
0.88	198.01	-6.63
0.89	197.94	-6.73
0.90	197.87	-6.83
0.91	197.80	-6.92
0.92	197.73	-7.02
0.93	197.66	-7.12
0.94	197.59	-7.22
0.95	197.52	-7.32
0.96	197.45	-7.41
0.97	197.37	-7.51
0.98	197.30	-7.61
0.99	197.22	-7.71
1.00	197.15	-7.81
1.01	197.07	-7.90
1.02	196.99	-8.00
1.03	196.91	-8.10
1.04	196.83	-8.20
1.05	196.75	-8.30
1.06	196.66	-8.40
1.07	196.58	-8.49
1.08	196.49	-8.59
1.09	196.41	-8.69
1.10	196.32	-8.79
1.11	196.23	-8.89
1.12	196.14	-8.98
1.13	196.05	-9.08
1.14	195.96	-9.18
1.15	195.87	-9.28
1.16	195.78	-9.38
1.17	195.69	-9.47
1.18	195.59	-9.57
1.19	195.49	-9.67
1.20	195.40	-9.77
1.21	195.30	-9.87
1.22	195.20	-9.96
1.23	195.10	-10.06
1.24	195.00	-10.16
1.25	194.90	-10.26
1.26	194.80	-10.36
1.27	194.69	-10.45
1.28	194.59	-10.55
1.29	194.48	-10.65
1.30	194.38	-10.75
1.31	194.27	-10.85
1.32	194.16	-10.94
1.33	194.05	-11.04
1.34	193.94	-11.14
1.35	193.83	-11.24
1.36	193.72	-11.34
1.37	193.60	-11.44
1.38	193.49	-11.53
1.39	193.37	-11.63
1.40	193.26	-11.73
1.41	193.14	-11.83
1.42	193.02	-11.93
1.43	192.90	-12.02
1.44	192.78	-12.12
1.45	192.66	-12.22
1.46	192.54	-12.32
1.47	192.42	-12.42
1.48	192.29	-12.51
1.49	192.17	-12.61
1.50	192.04	-12.71
1.51	191.91	-12.81
1.52	191.79	-12.91
1.53	191.66	-13.00
1.54	191.53	-13.10
1.55	191.40	-13.20
1.56	191.26	-13.30
1.57	191.13	-13.40
1.58	191.00	-13.49
1.59	190.86	-13.59
1.60	190.73	-13.69
1.61	190.59	-13.79
1.62	190.45	-13.89
1.63	190.31	-13.98
1.64	190.17	-14.08
1.65	190.03	-14.18
1.66	189.89	-14.28
1.67	189.75	-14.38
1.68	189.60	-14.48
1.69	189.46	-14.57
1.70	189.31	-14.67
1.71	189.17	-14.77
1.72	189.02	-14.87
1.73	188.87	-14.97
1.74	188.72	-15.06
1.75	188.57	-15.16
1.76	188.42	-15.26
1.77	188.27	-15.36
1.78	188.11	-15.46
1.79	187.96	-15.55
1.80	187.80	-15.65
1.81	187.64	-15.75
1.82	187.49	-15.85
1.83	187.33	-15.95
1.84	187.17	-16.04
1.85	187.01	-16.14
1.86	186.85	-16.24
1.87	186.69	-16.34
1.88	186.52	-16.44
1.89	186.36	-16.53
1.90	186.19	-16.63
1.91	186.03	-16.73
1.92	185.86	-16.83
1.93	185.69	-16.93
1.94	185.52	-17.02
1.95	185.35	-17.12
1.96	185.18	-17.22
1.97	185.01	-17.32
1.98	184.83	-17.42
1.99	184.66	-17.52
2.00	184.48	-17.61
2.01	184.31	-17.71
2.02	184.13	-17.81
2.03	183.95	-17.91
2.04	183.77	-18.01
2.05	183.59	-18.10
2.06	183.41	-18.20
2.07	183.23	-18.30
2.08	183.05	-18.40
2.09	182.86	-18.50
2.10	182.68	-18.59
2.11	182.49	-18.69
2.12	182.31	-18.79
2.13	182.12	-18.89
2.14	181.93	-18.99
2.15	181.74	-19.08
2.16	181.55	-19.18
2.17	181.36	-19.28
2.18	181.16	-19.38
2.19	180.97	-19.48
2.20	180.78	-19.57
2.21	180.58	-19.67
2.22	180.38	-19.77
2.23	180.19	-19.87
2.24	179.99	-19.97
2.25	179.79	-20.06
2.26	179.59	-20.16
2.27	179.38	-20.26
2.28	179.18	-20.36
2.29	178.98	-20.46
2.30	178.77	-20.56
2.31	178.57	-20.65
2.32	178.36	-20.75
2.33	178.15	-20.85
2.34	177.95	-20.95
2.35	177.74	-21.05
2.36	177.53	-21.14
2.37	177.31	-21.24
2.38	177.10	-21.34
2.39	176.89	-21.44
2.40	176.67	-21.54
2.41	176.46	-21.63
2.42	176.24	-21.73
2.43	176.03	-21.83
2.44	175.81	-21.93
2.45	175.59	-22.03
2.46	175.37	-22.12
2.47	175.15	-22.22
2.48	174.92	-22.32
2.49	174.70	-22.42
2.50	174.48	-22.52
2.51	174.25	-22.61
2.52	174.03	-22.71
2.53	173.80	-22.81
2.54	173.57	-22.91
2.55	173.34	-23.01
2.56	173.11	-23.10
2.57	172.88	-23.20
2.58	172.65	-23.30
2.59	172.42	-23.40
2.60	172.18	-23.50
2.61	171.95	-23.60
2.62	171.71	-23.69
2.63	171.47	-23.79
2.64	171.24	-23.89
2.65	171.00	-23.99
2.66	170.76	-24.09
2.67	170.52	-24.18
2.68	170.27	-24.28
2.69	170.03	-24.38
2.70	169.79	-24.48
2.71	169.54	-24.58
2.72	169.30	-24.67
2.73	169.05	-24.77
2.74	168.80	-24.87
2.75	168.55	-24.97
2.76	168.30	-25.07
2.77	168.05	-25.16
2.78	167.80	-25.26
2.79	167.55	-25.36
2.80	167.30	-25.46
2.81	167.04	-25.56
2.82	166.79	-25.65
2.83	166.53	-25.75
2.84	166.27	-25.85
2.85	166.01	-25.95
2.86	165.75	-26.05
2.87	165.49	-26.15
2.88	165.23	-26.24
2.89	164.97	-26.34
2.90	164.71	-26.44
2.91	164.44	-26.54
2.92	164.18	-26.64
2.93	163.91	-26.73
2.94	163.64	-26.83
2.95	163.37	-26.93
2.96	163.10	-27.03
2.97	162.83	-27.13
2.98	162.56	-27.22
2.99	162.29	-27.32
3.00	162.02	-27.42
3.01	161.74	-27.52
3.02	161.47	-27.62
3.03	161.19	-27.71
3.04	160.91	-27.81
3.05	160.64	-27.91
3.06	160.36	-28.01
3.07	160.08	-28.11
3.08	159.80	-28.20
3.09	159.51	-28.30
3.10	159.23	-28.40
3.11	158.95	-28.50
3.12	158.66	-28.60
3.13	158.38	-28.69
3.14	158.09	-28.79
3.15	157.80	-28.89
3.16	157.51	-28.99
3.17	157.22	-29.09
3.18	156.93	-29.19
3.19	156.64	-29.28
3.20	156.35	-29.38
3.21	156.05	-29.48
3.22	155.76	-29.58
3.23	155.46	-29.68
3.24	155.17	-29.77
3.25	154.87	-29.87
3.26	154.57	-29.97
3.27	154.27	-30.07
3.28	153.97	-30.17
3.29	153.67	-30.26
3.30	153.36	-30.36
3.31	153.06	-30.46
3.32	152.76	-30.56
3.33	152.45	-30.66
3.34	152.14	-30.75
3.35	151.84	-30.85
3.36	151.53	-30.95
3.37	151.22	-31.05
3.38	150.91	-31.15
3.39	150.60	-31.24
3.40	150.28	-31.34
3.41	149.97	-31.44
3.42	149.66	-31.54
3.43	149.34	-31.64
3.44	149.02	-31.73
3.45	148.71	-31.83
3.46	148.39	-31.93
3.47	148.07	-32.03
3.48	147.75	-32.13
3.49	147.43	-32.23
3.50	147.11	-32.32
3.51	146.78	-32.42
3.52	146.46	-32.52
3.53	146.13	-32.62
3.54	145.81	-32.72
3.55	145.48	-32.81
3.56	145.15	-32.91
3.57	144.82	-33.01
3.58	144.49	-33.11
3.59	144.16	-33.21
3.60	143.83	-33.30
3.61	143.50	-33.40
3.62	143.16	-33.50
3.63	142.83	-33.60
3.64	142.49	-33.70
3.65	142.15	-33.79
3.66	141.82	-33.89
3.67	141.48	-33.99
3.68	141.14	-34.09
3.69	140.80	-34.19
3.70	140.45	-34.28
3.71	140.11	-34.38
3.72	139.77	-34.48
3.73	139.42	-34.58
3.74	139.08	-34.68
3.75	138.73	-34.77
3.76	138.38	-34.87
3.77	138.03	-34.97
3.78	137.68	-35.07
3.79	137.33	-35.17
3.80	136.98	-35.27
3.81	136.63	-35.36
3.82	136.28	-35.46
3.83	135.92	-35.56
3.84	135.57	-35.66
3.85	135.21	-35.76
3.86	134.85	-35.85
3.87	134.49	-35.95
3.88	134.13	-36.05
3.89	133.77	-36.15
3.90	133.41	-36.25
3.91	133.05	-36.34
3.92	132.69	-36.44
3.93	132.32	-36.54
3.94	131.96	-36.64
3.95	131.59	-36.74
3.96	131.22	-36.83
3.97	130.85	-36.93
3.98	130.48	-37.03
3.99	130.11	-37.13
4.00	129.74	-37.23
4.01	129.37	-37.32
4.02	129.00	-37.42
4.03	128.62	-37.52
4.04	128.25	-37.62
4.05	127.87	-37.72
4.06	127.49	-37.82
4.07	127.12	-37.91
4.08	126.74	-38.01
4.09	126.36	-38.11
4.10	125.98	-38.21
4.11	125.59	-38.31
4.12	125.21	-38.40
4.13	124.83	-38.50
4.14	124.44	-38.60
4.15	124.06	-38.70
4.16	123.67	-38.80
4.17	123.28	-38.89
4.18	122.89	-38.99
4.19	122.50	-39.09
4.20	122.11	-39.19
4.21	121.72	-39.29
4.22	121.33	-39.38
4.23	120.93	-39.48
4.24	120.54	-39.58
4.25	120.14	-39.68
4.26	119.75	-39.78
4.27	119.35	-39.87
4.28	118.95	-39.97
4.29	118.55	-40.07
4.30	118.15	-40.17
4.31	117.75	-40.27
4.32	117.34	-40.36
4.33	116.94	-40.46
4.34	116.54	-40.56
4.35	116.13	-40.66
4.36	115.72	-40.76
4.37	115.32	-40.86
4.38	114.91	-40.95
4.39	114.50	-41.05
4.40	114.09	-41.15
4.41	113.68	-41.25
4.42	113.26	-41.35
4.43	112.85	-41.44
4.44	112.44	-41.54
4.45	112.02	-41.64
4.46	111.60	-41.74
4.47	111.19	-41.84
4.48	110.77	-41.93
4.49	110.35	-42.03
4.50	109.93	-42.13
4.51	109.51	-42.23
4.52	109.08	-42.33
4.53	108.66	-42.42
4.54	108.24	-42.52
4.55	107.81	-42.62
4.56	107.39	-42.72
4.57	106.96	-42.82
4.58	106.53	-42.91
4.59	106.10	-43.01
4.60	105.67	-43.11
4.61	105.24	-43.21
4.62	104.81	-43.31
4.63	104.37	-43.40
4.64	103.94	-43.50
4.65	103.51	-43.60
4.66	103.07	-43.70
4.67	102.63	-43.80
4.68	102.19	-43.90
4.69	101.76	-43.99
4.70	101.32	-44.09
4.71	100.88	-44.19
4.72	100.43	-44.29
4.73	99.99	-44.39
4.74	99.55	-44.48
4.75	99.10	-44.58
4.76	98.66	-44.68
4.77	98.21	-44.78
4.78	97.76	-44.88
4.79	97.31	-44.97
4.80	96.86	-45.07
4.81	96.41	-45.17
4.82	95.96	-45.27
4.83	95.51	-45.37
4.84	95.05	-45.46
4.85	94.60	-45.56
4.86	94.14	-45.66
4.87	93.69	-45.76
4.88	93.23	-45.86
4.89	92.77	-45.95
4.90	92.31	-46.05
4.91	91.85	-46.15
4.92	91.39	-46.25
4.93	90.93	-46.35
4.94	90.46	-46.45
4.95	90.00	-46.54
4.96	89.53	-46.64
4.97	89.07	-46.74
4.98	88.60	-46.84
4.99	88.13	-46.94
5.00	87.66	-47.03
5.01	87.19	-47.13
5.02	86.72	-47.23
5.03	86.25	-47.33
5.04	85.77	-47.43
5.05	85.30	-47.52
5.06	84.83	-47.62
5.07	84.35	-47.72
5.08	83.87	-47.82
5.09	83.39	-47.92
5.10	82.91	-48.01
5.11	82.43	-48.11
5.12	81.95	-48.21
5.13	81.47	-48.31
5.14	80.99	-48.41
5.15	80.50	-48.50
5.16	80.02	-48.60
5.17	79.53	-48.70
5.18	79.05	-48.80
5.19	78.56	-48.90
5.20	78.07	-48.99
5.21	77.58	-49.09
5.22	77.09	-49.19
5.23	76.60	-49.29
5.24	76.10	-49.39
5.25	75.61	-49.49
5.26	75.11	-49.58
5.27	74.62	-49.68
5.28	74.12	-49.78
5.29	73.62	-49.88
5.30	73.13	-49.98
5.31	72.63	-50.07
5.32	72.12	-50.17
5.33	71.62	-50.27
5.34	71.12	-50.37
5.35	70.62	-50.47
5.36	70.11	-50.56
5.37	69.61	-50.66
5.38	69.10	-50.76
5.39	68.59	-50.86
5.40	68.08	-50.96
5.41	67.57	-51.05
5.42	67.06	-51.15
5.43	66.55	-51.25
5.44	66.04	-51.35
5.45	65.53	-51.45
5.46	65.01	-51.54
5.47	64.50	-51.64
5.48	63.98	-51.74
5.49	63.46	-51.84
5.50	62.94	-51.94
5.51	62.42	-52.03
5.52	61.90	-52.13
5.53	61.38	-52.23
5.54	60.86	-52.33
5.55	60.34	-52.43
5.56	59.81	-52.53
5.57	59.29	-52.62
5.58	58.76	-52.72
5.59	58.23	-52.82
5.60	57.71	-52.92
5.61	57.18	-53.02
5.62	56.65	-53.11
5.63	56.12	-53.21
5.64	55.58	-53.31
5.65	55.05	-53.41
5.66	54.52	-53.51
5.67	53.98	-53.60
5.68	53.45	-53.70
5.69	52.91	-53.80
5.70	52.37	-53.90
5.71	51.83	-54.00
5.72	51.29	-54.09
5.73	50.75	-54.19
5.74	50.21	-54.29
5.75	49.67	-54.39
5.76	49.12	-54.49
5.77	48.58	-54.58
5.78	48.03	-54.68
5.79	47.48	-54.78
5.80	46.94	-54.88
5.81	46.39	-54.98
5.82	45.84	-55.08
5.83	45.29	-55.17
5.84	44.74	-55.27
5.85	44.18	-55.37
5.86	43.63	-55.47
5.87	43.07	-55.57
5.88	42.52	-55.66
5.89	41.96	-55.76
5.90	41.40	-55.86
5.91	40.85	-55.96
5.92	40.29	-56.06
5.93	39.73	-56.15
5.94	39.16	-56.25
5.95	38.60	-56.35
5.96	38.04	-56.45
5.97	37.47	-56.55
5.98	36.91	-56.64
5.99	36.34	-56.74
6.00	35.77	-56.84
6.01	35.21	-56.94
6.02	34.64	-57.04
6.03	34.07	-57.13
6.04	33.49	-57.23
6.05	32.92	-57.33
6.06	32.35	-57.43
6.07	31.77	-57.53
6.08	31.20	-57.62
6.09	30.62	-57.72
6.10	30.05	-57.82
6.11	29.47	-57.92
6.12	28.89	-58.02
6.13	28.31	-58.12
6.14	27.73	-58.21
6.15	27.15	-58.31
6.16	26.56	-58.41
6.17	25.98	-58.51
6.18	25.39	-58.61
6.19	24.81	-58.70
6.20	24.22	-58.80
6.21	23.63	-58.90
6.22	23.04	-59.00
6.23	22.45	-59.10
6.24	21.86	-59.19
6.25	21.27	-59.29
6.26	20.68	-59.39
6.27	20.08	-59.49
6.28	19.49	-59.59
6.29	18.89	-59.68
6.30	18.30	-59.78
6.31	17.70	-59.88
6.32	17.10	-59.98
6.33	16.50	-60.08
6.34	15.90	-60.17
6.35	15.30	-60.27
6.36	14.69	-60.37
6.37	14.09	-60.47
6.38	13.49	-60.57
6.39	12.88	-60.66
6.40	12.27	-60.76
6.41	11.67	-60.86
6.42	11.06	-60.96
6.43	10.45	-61.06
6.44	9.84	-61.16
6.45	9.23	-61.25
6.46	8.61	-61.35
6.47	8.00	-61.45
6.48	7.38	-61.55
6.49	6.77	-61.65
6.50	6.15	-61.74
6.51	5.54	-61.84
6.52	4.92	-61.94
6.53	4.30	-62.04
6.54	3.68	-62.14
6.55	3.06	-62.23
6.56	2.43	-62.33
6.57	1.81	-62.43
6.58	1.19	-62.53
6.59	0.56	-62.63
6.60	-0.07	-62.72
