#-Hlavicka-#
# z0 = 100.00m, v0 = -20.00m/s, alfa = 330 degrees, azimut = 20 degrees, r = 3.00m,
# tD = 3.61s, ymax = 21.39m, tm = 0.00s, ymax = 100.00
#----------#
-0.01	0.00	100.00	5.92	-10.00	-20.00
0.00	0.00	100.00	5.92	-10.00	19.10
0.01	0.06	99.90	5.92	-10.10	19.15
0.02	0.12	99.80	5.92	-10.20	19.21
0.03	0.18	99.70	5.92	-10.29	19.26
0.04	0.24	99.59	5.92	-10.39	19.31
0.05	0.30	99.49	5.92	-10.49	19.36
0.06	0.36	99.38	5.92	-10.59	19.42
0.07	0.41	99.28	5.92	-10.69	19.47
0.08	0.47	99.17	5.92	-10.78	19.52
0.09	0.53	99.06	5.92	-10.88	19.58
0.10	0.59	98.95	5.92	-10.98	19.63
0.11	0.65	98.84	5.92	-11.08	19.69
0.12	0.71	98.73	5.92	-11.18	19.74
0.13	0.77	98.62	5.92	-11.27	19.80
0.14	0.83	98.50	5.92	-11.37	19.86
0.15	0.89	98.39	5.92	-11.47	19.91
0.16	0.95	98.27	5.92	-11.57	19.97
0.17	1.01	98.16	5.92	-11.67	20.03
0.18	1.07	98.04	5.92	-11.77	20.08
0.19	1.13	97.92	5.92	-11.86	20.14
0.20	1.18	97.80	5.92	-11.96	20.20
0.21	1.24	97.68	5.92	-12.06	20.26
0.22	1.30	97.56	5.92	-12.16	20.32
0.23	1.36	97.44	5.92	-12.26	20.37
0.24	1.42	97.32	5.92	-12.35	20.43
0.25	1.48	97.19	5.92	-12.45	20.49
0.26	1.54	97.07	5.92	-12.55	20.55
0.27	1.60	96.94	5.92	-12.65	20.61
0.28	1.66	96.82	5.92	-12.75	20.67
0.29	1.72	96.69	5.92	-12.84	20.73
0.30	1.78	96.56	5.92	-12.94	20.79
0.31	1.84	96.43	5.92	-13.04	20.86
0.32	1.90	96.30	5.92	-13.14	20.92
0.33	1.95	96.17	5.92	-13.24	20.98
0.34	2.01	96.03	5.92	-13.33	21.04
0.35	2.07	95.90	5.92	-13.43	21.10
0.36	2.13	95.76	5.92	-13.53	21.17
0.37	2.19	95.63	5.92	-13.63	21.23
0.38	2.25	95.49	5.92	-13.73	21.29
0.39	2.31	95.35	5.92	-13.82	21.35
0.40	2.37	95.22	5.92	-13.92	21.42
0.41	2.43	95.08	5.92	-14.02	21.48
0.42	2.49	94.94	5.92	-14.12	21.55
0.43	2.55	94.79	5.92	-14.22	21.61
0.44	2.61	94.65	5.92	-14.31	21.68
0.45	2.67	94.51	5.92	-14.41	21.74
0.46	2.73	94.36	5.92	-14.51	21.81
0.47	2.78	94.22	5.92	-14.61	21.87
0.48	2.84	94.07	5.92	-14.71	21.94
0.49	2.90	93.92	5.92	-14.81	22.00
0.50	2.96	93.77	5.92	-14.90	22.07
0.51	3.02	93.62	5.92	-15.00	22.13
0.52	3.08	93.47	5.92	-15.10	22.20
0.53	3.14	93.32	5.92	-15.20	22.27
0.54	3.20	93.17	5.92	-15.30	22.34
0.55	3.26	93.02	5.92	-15.39	22.40
0.56	3.32	92.86	5.92	-15.49	22.47
0.57	3.38	92.71	5.92	-15.59	22.54
0.58	3.44	92.55	5.92	-15.69	22.61
0.59	3.50	92.39	5.92	-15.79	22.67
0.60	3.55	92.23	5.92	-15.88	22.74
0.61	3.61	92.08	5.92	-15.98	22.81
0.62	3.67	91.92	5.92	-16.08	22.88
0.63	3.73	91.75	5.92	-16.18	22.95
0.64	3.79	91.59	5.92	-16.28	23.02
0.65	3.85	91.43	5.92	-16.37	23.09
0.66	3.91	91.26	5.92	-16.47	23.16
0.67	3.97	91.10	5.92	-16.57	23.23
0.68	4.03	90.93	5.92	-16.67	23.30
0.69	4.09	90.77	5.92	-16.77	23.37
0.70	4.15	90.60	5.92	-16.86	23.44
0.71	4.21	90.43	5.92	-16.96	23.51
0.72	4.27	90.26	5.92	-17.06	23.58
0.73	4.32	90.09	5.92	-17.16	23.65
0.74	4.38	89.91	5.92	-17.26	23.72
0.75	4.44	89.74	5.92	-17.35	23.79
0.76	4.50	89.57	5.92	-17.45	23.86
0.77	4.56	89.39	5.92	-17.55	23.94
0.78	4.62	89.22	5.92	-17.65	24.01
0.79	4.68	89.04	5.92	-17.75	24.08
0.80	4.74	88.86	5.92	-17.85	24.15
0.81	4.80	88.68	5.92	-17.94	24.23
0.82	4.86	88.50	5.92	-18.04	24.30
0.83	4.92	88.32	5.92	-18.14	24.37
0.84	4.98	88.14	5.92	-18.24	24.44
0.85	5.04	87.96	5.92	-18.34	24.52
0.86	5.09	87.77	5.92	-18.43	24.59
0.87	5.15	87.59	5.92	-18.53	24.66
0.88	5.21	87.40	5.92	-18.63	24.74
0.89	5.27	87.22	5.92	-18.73	24.81
0.90	5.33	87.03	5.92	-18.83	24.89
0.91	5.39	86.84	5.92	-18.92	24.96
0.92	5.45	86.65	5.92	-19.02	25.03
0.93	5.51	86.46	5.92	-19.12	25.11
0.94	5.57	86.27	5.92	-19.22	25.18
0.95	5.63	86.07	5.92	-19.32	25.26
0.96	5.69	85.88	5.92	-19.41	25.33
0.97	5.75	85.69	5.92	-19.51	25.41
0.98	5.81	85.49	5.92	-19.61	25.48
0.99	5.86	85.29	5.92	-19.71	25.56
1.00	5.92	85.10	5.92	-19.81	25.64
1.01	5.98	84.90	5.92	-19.90	25.71
1.02	6.04	84.70	5.92	-20.00	25.79
1.03	6.10	84.50	5.92	-20.10	25.86
1.04	6.16	84.30	5.92	-20.20	25.94
1.05	6.22	84.09	5.92	-20.30	26.02
1.06	6.28	83.89	5.92	-20.40	26.09
1.07	6.34	83.69	5.92	-20.49	26.17
1.08	6.40	83.48	5.92	-20.59	26.25
1.09	6.46	83.27	5.92	-20.69	26.32
1.10	6.52	83.07	5.92	-20.79	26.40
1.11	6.58	82.86	5.92	-20.89	26.48
1.12	6.63	82.65	5.92	-20.98	26.56
1.13	6.69	82.44	5.92	-21.08	26.63
1.14	6.75	82.23	5.92	-21.18	26.71
1.15	6.81	82.02	5.92	-21.28	26.79
1.16	6.87	81.80	5.92	-21.38	26.87
1.17	6.93	81.59	5.92	-21.47	26.94
1.18	6.99	81.37	5.92	-21.57	27.02
1.19	7.05	81.16	5.92	-21.67	27.10
1.20	7.11	80.94	5.92	-21.77	27.18
1.21	7.17	80.72	5.92	-21.87	27.26
1.22	7.23	80.50	5.92	-21.96	27.34
1.23	7.29	80.28	5.92	-22.06	27.42
1.24	7.35	80.06	5.92	-22.16	27.50
1.25	7.40	79.84	5.92	-22.26	27.57
1.26	7.46	79.62	5.92	-22.36	27.65
1.27	7.52	79.39	5.92	-22.45	27.73
1.28	7.58	79.17	5.92	-22.55	27.81
1.29	7.64	78.94	5.92	-22.65	27.89
1.30	7.70	78.71	5.92	-22.75	27.97
1.31	7.76	78.49	5.92	-22.85	28.05
1.32	7.82	78.26	5.92	-22.94	28.13
1.33	7.88	78.03	5.92	-23.04	28.21
1.34	7.94	77.80	5.92	-23.14	28.29
1.35	8.00	77.56	5.92	-23.24	28.37
1.36	8.06	77.33	5.92	-23.34	28.45
1.37	8.12	77.10	5.92	-23.44	28.53
1.38	8.18	76.86	5.92	-23.53	28.61
1.39	8.23	76.63	5.92	-23.63	28.69
1.40	8.29	76.39	5.92	-23.73	28.77
1.41	8.35	76.15	5.92	-23.83	28.86
1.42	8.41	75.91	5.92	-23.93	28.94
1.43	8.47	75.67	5.92	-24.02	29.02
1.44	8.53	75.43	5.92	-24.12	29.10
1.45	8.59	75.19	5.92	-24.22	29.18
1.46	8.65	74.95	5.92	-24.32	29.26
1.47	8.71	74.70	5.92	-24.42	29.34
1.48	8.77	74.46	5.92	-24.51	29.43
1.49	8.83	74.21	5.92	-24.61	29.51
1.50	8.89	73.97	5.92	-24.71	29.59
1.51	8.95	73.72	5.92	-24.81	29.67
1.52	9.00	73.47	5.92	-24.91	29.75
1.53	9.06	73.22	5.92	-25.00	29.83
1.54	9.12	72.97	5.92	-25.10	29.92
1.55	9.18	72.72	5.92	-25.20	30.00
1.56	9.24	72.47	5.92	-25.30	30.08
1.57	9.30	72.21	5.92	-25.40	30.16
1.58	9.36	71.96	5.92	-25.49	30.25
1.59	9.42	71.70	5.92	-25.59	30.33
1.60	9.48	71.45	5.92	-25.69	30.41
1.61	9.54	71.19	5.92	-25.79	30.50
1.62	9.60	70.93	5.92	-25.89	30.58
1.63	9.66	70.67	5.92	-25.98	30.66
1.64	9.72	70.41	5.92	-26.08	30.74
1.65	9.77	70.15	5.92	-26.18	30.83
1.66	9.83	69.89	5.92	-26.28	30.91
1.67	9.89	69.63	5.92	-26.38	30.99
1.68	9.95	69.36	5.92	-26.48	31.08
1.69	10.01	69.10	5.92	-26.57	31.16
1.70	10.07	68.83	5.92	-26.67	31.25
1.71	10.13	68.56	5.92	-26.77	31.33
1.72	10.19	68.29	5.92	-26.87	31.41
1.73	10.25	68.02	5.92	-26.97	31.50
1.74	10.31	67.75	5.92	-27.06	31.58
1.75	10.37	67.48	5.92	-27.16	31.66
1.76	10.43	67.21	5.92	-27.26	31.75
1.77	10.49	66.94	5.92	-27.36	31.83
1.78	10.54	66.66	5.92	-27.46	31.92
1.79	10.60	66.39	5.92	-27.55	32.00
1.80	10.66	66.11	5.92	-27.65	32.09
1.81	10.72	65.84	5.92	-27.75	32.17
1.82	10.78	65.56	5.92	-27.85	32.26
1.83	10.84	65.28	5.92	-27.95	32.34
1.84	10.90	65.00	5.92	-28.04	32.43
1.85	10.96	64.72	5.92	-28.14	32.51
1.86	11.02	64.44	5.92	-28.24	32.59
1.87	11.08	64.15	5.92	-28.34	32.68
1.88	11.14	63.87	5.92	-28.44	32.76
1.89	11.20	63.58	5.92	-28.53	32.85
1.90	11.26	63.30	5.92	-28.63	32.94
1.91	11.31	63.01	5.92	-28.73	33.02
1.92	11.37	62.72	5.92	-28.83	33.11
1.93	11.43	62.44	5.92	-28.93	33.19
1.94	11.49	62.15	5.92	-29.02	33.28
1.95	11.55	61.86	5.92	-29.12	33.36
1.96	11.61	61.56	5.92	-29.22	33.45
1.97	11.67	61.27	5.92	-29.32	33.53
1.98	11.73	60.98	5.92	-29.42	33.62
1.99	11.79	60.68	5.92	-29.52	33.71
2.00	11.85	60.39	5.92	-29.61	33.79
2.01	11.91	60.09	5.92	-29.71	33.88
2.02	11.97	59.79	5.92	-29.81	33.96
2.03	12.03	59.49	5.92	-29.91	34.05
2.04	12.08	59.19	5.92	-30.01	34.14
2.05	12.14	58.89	5.92	-30.10	34.22
2.06	12.20	58.59	5.92	-30.20	34.31
2.07	12.26	58.29	5.92	-30.30	34.39
2.08	12.32	57.99	5.92	-30.40	34.48
2.09	12.38	57.68	5.92	-30.50	34.57
2.10	12.44	57.38	5.92	-30.59	34.65
2.11	12.50	57.07	5.92	-30.69	34.74
2.12	12.56	56.76	5.92	-30.79	34.83
2.13	12.62	56.45	5.92	-30.89	34.91
2.14	12.68	56.14	5.92	-30.99	35.00
2.15	12.74	55.83	5.92	-31.08	35.09
2.16	12.80	55.52	5.92	-31.18	35.17
2.17	12.85	55.21	5.92	-31.28	35.26
2.18	12.91	54.90	5.92	-31.38	35.35
2.19	12.97	54.58	5.92	-31.48	35.44
2.20	13.03	54.27	5.92	-31.57	35.52
2.21	13.09	53.95	5.92	-31.67	35.61
2.22	13.15	53.63	5.92	-31.77	35.70
2.23	13.21	53.32	5.92	-31.87	35.78
2.24	13.27	53.00	5.92	-31.97	35.87
2.25	13.33	52.68	5.92	-32.06	35.96
2.26	13.39	52.36	5.92	-32.16	36.05
2.27	13.45	52.03	5.92	-32.26	36.13
2.28	13.51	51.71	5.92	-32.36	36.22
2.29	13.57	51.39	5.92	-32.46	36.31
2.30	13.63	51.06	5.92	-32.56	36.40
2.31	13.68	50.74	5.92	-32.65	36.48
2.32	13.74	50.41	5.92	-32.75	36.57
2.33	13.80	50.08	5.92	-32.85	36.66
2.34	13.86	49.75	5.92	-32.95	36.75
2.35	13.92	49.42	5.92	-33.05	36.84
2.36	13.98	49.09	5.92	-33.14	36.92
2.37	14.04	48.76	5.92	-33.24	37.01
2.38	14.10	48.43	5.92	-33.34	37.10
2.39	14.16	48.09	5.92	-33.44	37.19
2.40	14.22	47.76	5.92	-33.54	37.28
2.41	14.28	47.42	5.92	-33.63	37.37
2.42	14.34	47.08	5.92	-33.73	37.45
2.43	14.40	46.75	5.92	-33.83	37.54
2.44	14.45	46.41	5.92	-33.93	37.63
2.45	14.51	46.07	5.92	-34.03	37.72
2.46	14.57	45.73	5.92	-34.12	37.81
2.47	14.63	45.39	5.92	-34.22	37.90
2.48	14.69	45.04	5.92	-34.32	37.98
2.49	14.75	44.70	5.92	-34.42	38.07
2.50	14.81	44.35	5.92	-34.52	38.16
2.51	14.87	44.01	5.92	-34.61	38.25
2.52	14.93	43.66	5.92	-34.71	38.34
2.53	14.99	43.31	5.92	-34.81	38.43
2.54	15.05	42.97	5.92	-34.91	38.52
2.55	15.11	42.62	5.92	-35.01	38.61
2.56	15.17	42.27	5.92	-35.11	38.69
2.57	15.22	41.91	5.92	-35.20	38.78
2.58	15.28	41.56	5.92	-35.30	38.87
2.59	15.34	41.21	5.92	-35.40	38.96
2.60	15.40	40.85	5.92	-35.50	39.05
2.61	15.46	40.50	5.92	-35.60	39.14
2.62	15.52	40.14	5.92	-35.69	39.23
2.63	15.58	39.78	5.92	-35.79	39.32
2.64	15.64	39.43	5.92	-35.89	39.41
2.65	15.70	39.07	5.92	-35.99	39.50
2.66	15.76	38.71	5.92	-36.09	39.59
2.67	15.82	38.34	5.92	-36.18	39.68
2.68	15.88	37.98	5.92	-36.28	39.77
2.69	15.94	37.62	5.92	-36.38	39.85
2.70	15.99	37.25	5.92	-36.48	39.94
2.71	16.05	36.89	5.92	-36.58	40.03
2.72	16.11	36.52	5.92	-36.67	40.12
2.73	16.17	36.16	5.92	-36.77	40.21
2.74	16.23	35.79	5.92	-36.87	40.30
2.75	16.29	35.42	5.92	-36.97	40.39
2.76	16.35	35.05	5.92	-37.07	40.48
2.77	16.41	34.68	5.92	-37.16	40.57
2.78	16.47	34.31	5.92	-37.26	40.66
2.79	16.53	33.93	5.92	-37.36	40.75
2.80	16.59	33.56	5.92	-37.46	40.84
2.81	16.65	33.18	5.92	-37.56	40.93
2.82	16.71	32.81	5.92	-37.65	41.02
2.83	16.76	32.43	5.92	-37.75	41.11
2.84	16.82	32.05	5.92	-37.85	41.20
2.85	16.88	31.67	5.92	-37.95	41.29
2.86	16.94	31.29	5.92	-38.05	41.38
2.87	17.00	30.91	5.92	-38.15	41.47
2.88	17.06	30.53	5.92	-38.24	41.56
2.89	17.12	30.15	5.92	-38.34	41.65
2.90	17.18	29.76	5.92	-38.44	41.74
2.91	17.24	29.38	5.92	-38.54	41.83
2.92	17.30	28.99	5.92	-38.64	41.92
2.93	17.36	28.61	5.92	-38.73	42.01
2.94	17.42	28.22	5.92	-38.83	42.10
2.95	17.48	27.83	5.92	-38.93	42.20
2.96	17.53	27.44	5.92	-39.03	42.29
2.97	17.59	27.05	5.92	-39.13	42.38
2.98	17.65	26.66	5.92	-39.22	42.47
2.99	17.71	26.26	5.92	-39.32	42.56
3.00	17.77	25.87	5.92	-39.42	42.65
3.01	17.83	25.48	5.92	-39.52	42.74
3.02	17.89	25.08	5.92	-39.62	42.83
3.03	17.95	24.68	5.92	-39.71	42.92
3.04	18.01	24.29	5.92	-39.81	43.01
3.05	18.07	23.89	5.92	-39.91	43.10
3.06	18.13	23.49	5.92	-40.01	43.19
3.07	18.19	23.09	5.92	-40.11	43.28
3.08	18.25	22.69	5.92	-40.20	43.37
3.09	18.31	22.28	5.92	-40.30	43.46
3.10	18.36	21.88	5.92	-40.40	43.56
3.11	18.42	21.47	5.92	-40.50	43.65
3.12	18.48	21.07	5.92	-40.60	43.74
3.13	18.54	20.66	5.92	-40.69	43.83
3.14	18.60	20.26	5.92	-40.79	43.92
3.15	18.66	19.85	5.92	-40.89	44.01
3.16	18.72	19.44	5.92	-40.99	44.10
3.17	18.78	19.03	5.92	-41.09	44.19
3.18	18.84	18.62	5.92	-41.19	44.28
3.19	18.90	18.20	5.92	-41.28	44.38
3.20	18.96	17.79	5.92	-41.38	44.47
3.21	19.02	17.38	5.92	-41.48	44.56
3.22	19.08	16.96	5.92	-41.58	44.65
3.23	19.13	16.54	5.92	-41.68	44.74
3.24	19.19	16.13	5.92	-41.77	44.83
3.25	19.25	15.71	5.92	-41.87	44.92
3.26	19.31	15.29	5.92	-41.97	45.02
3.27	19.37	14.87	5.92	-42.07	45.11
3.28	19.43	14.45	5.92	-42.17	45.20
3.29	19.49	14.03	5.92	-42.26	45.29
3.30	19.55	13.60	5.92	-42.36	45.38
3.31	19.61	13.18	5.92	-42.46	45.47
3.32	19.67	12.75	5.92	-42.56	45.56
3.33	19.73	12.33	5.92	-42.66	45.66
3.34	19.79	11.90	5.92	-42.75	45.75
3.35	19.85	11.47	5.92	-42.85	45.84
3.36	19.90	11.04	5.92	-42.95	45.93
3.37	19.96	10.61	5.92	-43.05	46.02
3.38	20.02	10.18	5.92	-43.15	46.11
3.39	20.08	9.75	5.92	-43.24	46.21
3.40	20.14	9.32	5.92	-43.34	46.30
3.41	20.20	8.88	5.92	-43.44	46.39
3.42	20.26	8.45	5.92	-43.54	46.48
3.43	20.32	8.01	5.92	-43.64	46.57
3.44	20.38	7.58	5.92	-43.73	46.67
3.45	20.44	7.14	5.92	-43.83	46.76
3.46	20.50	6.70	5.92	-43.93	46.85
3.47	20.56	6.26	5.92	-44.03	46.94
3.48	20.62	5.82	5.92	-44.13	47.03
3.49	20.67	5.38	5.92	-44.23	47.13
3.50	20.73	4.93	5.92	-44.32	47.22
3.51	20.79	4.49	5.92	-44.42	47.31
3.52	20.85	4.05	5.92	-44.52	47.40
3.53	20.91	3.60	5.92	-44.62	47.49
3.54	20.97	3.15	5.92	-44.72	47.59
3.55	21.03	2.71	5.92	-44.81	47.68
3.56	21.09	2.26	5.92	-44.91	47.77
3.57	21.15	1.81	5.92	-45.01	47.86
3.58	21.21	1.36	5.92	-45.11	47.95
3.59	21.27	0.91	5.92	-45.21	48.05
3.60	21.33	0.45	5.92	-45.30	48.14
3.61	21.39	-0.00	5.92	-45.40	48.23
