#-Hlavicka-#
# y0 = 10.00m, v0y = 25.00m/s, ymax = 41.87m, tmax = 2.55s
#----------#
0.00	10.00	25.00
0.01	10.25	24.90
0.02	10.50	24.80
0.03	10.75	24.71
0.04	10.99	24.61
0.05	11.24	24.51
0.06	11.49	24.41
0.07	11.73	24.31
0.08	11.97	24.22
0.09	12.21	24.12
0.10	12.46	24.02
0.11	12.70	23.92
0.12	12.94	23.82
0.13	13.17	23.73
0.14	13.41	23.63
0.15	13.65	23.53
0.16	13.88	23.43
0.17	14.12	23.33
0.18	14.35	23.23
0.19	14.58	23.14
0.20	14.81	23.04
0.21	15.04	22.94
0.22	15.27	22.84
0.23	15.50	22.74
0.24	15.73	22.65
0.25	15.96	22.55
0.26	16.18	22.45
0.27	16.41	22.35
0.28	16.63	22.25
0.29	16.85	22.16
0.30	17.07	22.06
0.31	17.29	21.96
0.32	17.51	21.86
0.33	17.73	21.76
0.34	17.95	21.67
0.35	18.17	21.57
0.36	18.38	21.47
0.37	18.60	21.37
0.38	18.81	21.27
0.39	19.02	21.18
0.40	19.24	21.08
0.41	19.45	20.98
0.42	19.66	20.88
0.43	19.86	20.78
0.44	20.07	20.69
0.45	20.28	20.59
0.46	20.49	20.49
0.47	20.69	20.39
0.48	20.89	20.29
0.49	21.10	20.19
0.50	21.30	20.10
0.51	21.50	20.00
0.52	21.70	19.90
0.53	21.90	19.80
0.54	22.10	19.70
0.55	22.29	19.61
0.56	22.49	19.51
0.57	22.68	19.41
0.58	22.88	19.31
0.59	23.07	19.21
0.60	23.26	19.12
0.61	23.46	19.02
0.62	23.65	18.92
0.63	23.83	18.82
0.64	24.02	18.72
0.65	24.21	18.63
0.66	24.40	18.53
0.67	24.58	18.43
0.68	24.77	18.33
0.69	24.95	18.23
0.70	25.13	18.14
0.71	25.31	18.04
0.72	25.49	17.94
0.73	25.67	17.84
0.74	25.85	17.74
0.75	26.03	17.65
0.76	26.21	17.55
0.77	26.38	17.45
0.78	26.56	17.35
0.79	26.73	17.25
0.80	26.90	17.15
0.81	27.07	17.06
0.82	27.24	16.96
0.83	27.41	16.86
0.84	27.58	16.76
0.85	27.75	16.66
0.86	27.92	16.57
0.87	28.08	16.47
0.88	28.25	16.37
0.89	28.41	16.27
0.90	28.57	16.17
0.91	28.73	16.08
0.92	28.89	15.98
0.93	29.05	15.88
0.94	29.21	15.78
0.95	29.37	15.68
0.96	29.53	15.59
0.97	29.68	15.49
0.98	29.84	15.39
0.99	29.99	15.29
1.00	30.15	15.19
1.01	30.30	15.10
1.02	30.45	15.00
1.03	30.60	14.90
1.04	30.75	14.80
1.05	30.90	14.70
1.06	31.04	14.60
1.07	31.19	14.51
1.08	31.33	14.41
1.09	31.48	14.31
1.10	31.62	14.21
1.11	31.76	14.11
1.12	31.90	14.02
1.13	32.04	13.92
1.14	32.18	13.82
1.15	32.32	13.72
1.16	32.46	13.62
1.17	32.60	13.53
1.18	32.73	13.43
1.19	32.86	13.33
1.20	33.00	13.23
1.21	33.13	13.13
1.22	33.26	13.04
1.23	33.39	12.94
1.24	33.52	12.84
1.25	33.65	12.74
1.26	33.78	12.64
1.27	33.90	12.55
1.28	34.03	12.45
1.29	34.15	12.35
1.30	34.28	12.25
1.31	34.40	12.15
1.32	34.52	12.06
1.33	34.64	11.96
1.34	34.76	11.86
1.35	34.88	11.76
1.36	35.00	11.66
1.37	35.11	11.56
1.38	35.23	11.47
1.39	35.34	11.37
1.40	35.46	11.27
1.41	35.57	11.17
1.42	35.68	11.07
1.43	35.79	10.98
1.44	35.90	10.88
1.45	36.01	10.78
1.46	36.12	10.68
1.47	36.23	10.58
1.48	36.33	10.49
1.49	36.44	10.39
1.50	36.54	10.29
1.51	36.64	10.19
1.52	36.75	10.09
1.53	36.85	10.00
1.54	36.95	9.90
1.55	37.05	9.80
1.56	37.14	9.70
1.57	37.24	9.60
1.58	37.34	9.51
1.59	37.43	9.41
1.60	37.53	9.31
1.61	37.62	9.21
1.62	37.71	9.11
1.63	37.80	9.02
1.64	37.89	8.92
1.65	37.98	8.82
1.66	38.07	8.72
1.67	38.16	8.62
1.68	38.24	8.52
1.69	38.33	8.43
1.70	38.41	8.33
1.71	38.50	8.23
1.72	38.58	8.13
1.73	38.66	8.03
1.74	38.74	7.94
1.75	38.82	7.84
1.76	38.90	7.74
1.77	38.98	7.64
1.78	39.05	7.54
1.79	39.13	7.45
1.80	39.20	7.35
1.81	39.27	7.25
1.82	39.35	7.15
1.83	39.42	7.05
1.84	39.49	6.96
1.85	39.56	6.86
1.86	39.63	6.76
1.87	39.70	6.66
1.88	39.76	6.56
1.89	39.83	6.47
1.90	39.89	6.37
1.91	39.96	6.27
1.92	40.02	6.17
1.93	40.08	6.07
1.94	40.14	5.98
1.95	40.20	5.88
1.96	40.26	5.78
1.97	40.32	5.68
1.98	40.37	5.58
1.99	40.43	5.48
2.00	40.48	5.39
2.01	40.54	5.29
2.02	40.59	5.19
2.03	40.64	5.09
2.04	40.69	4.99
2.05	40.74	4.90
2.06	40.79	4.80
2.07	40.84	4.70
2.08	40.89	4.60
2.09	40.93	4.50
2.10	40.98	4.41
2.11	41.02	4.31
2.12	41.07	4.21
2.13	41.11	4.11
2.14	41.15	4.01
2.15	41.19	3.92
2.16	41.23	3.82
2.17	41.27	3.72
2.18	41.30	3.62
2.19	41.34	3.52
2.20	41.38	3.43
2.21	41.41	3.33
2.22	41.44	3.23
2.23	41.48	3.13
2.24	41.51	3.03
2.25	41.54	2.94
2.26	41.57	2.84
2.27	41.59	2.74
2.28	41.62	2.64
2.29	41.65	2.54
2.30	41.67	2.44
2.31	41.70	2.35
2.32	41.72	2.25
2.33	41.74	2.15
2.34	41.77	2.05
2.35	41.79	1.95
2.36	41.81	1.86
2.37	41.82	1.76
2.38	41.84	1.66
2.39	41.86	1.56
2.40	41.87	1.46
2.41	41.89	1.37
2.42	41.90	1.27
2.43	41.92	1.17
2.44	41.93	1.07
2.45	41.94	0.97
2.46	41.95	0.88
2.47	41.96	0.78
2.48	41.96	0.68
2.49	41.97	0.58
2.50	41.98	0.48
2.51	41.98	0.39
2.52	41.99	0.29
2.53	41.99	0.19
2.54	41.99	0.09
2.55	41.99	-0.01
2.56	41.99	-0.10
2.57	41.99	-0.20
2.58	41.99	-0.30
2.59	41.99	-0.40
2.60	41.98	-0.50
2.61	41.98	-0.60
2.62	41.97	-0.69
2.63	41.96	-0.79
2.64	41.96	-0.89
2.65	41.95	-0.99
2.66	41.94	-1.09
2.67	41.93	-1.18
2.68	41.91	-1.28
2.69	41.90	-1.38
2.70	41.89	-1.48
2.71	41.87	-1.58
2.72	41.86	-1.67
2.73	41.84	-1.77
2.74	41.82	-1.87
2.75	41.80	-1.97
2.76	41.78	-2.07
2.77	41.76	-2.16
2.78	41.74	-2.26
2.79	41.72	-2.36
2.80	41.70	-2.46
2.81	41.67	-2.56
2.82	41.65	-2.65
2.83	41.62	-2.75
2.84	41.59	-2.85
2.85	41.56	-2.95
2.86	41.53	-3.05
2.87	41.50	-3.15
2.88	41.47	-3.24
2.89	41.44	-3.34
2.90	41.41	-3.44
2.91	41.37	-3.54
2.92	41.34	-3.64
2.93	41.30	-3.73
2.94	41.26	-3.83
2.95	41.22	-3.93
2.96	41.18	-4.03
2.97	41.14	-4.13
2.98	41.10	-4.22
2.99	41.06	-4.32
3.00	41.02	-4.42
3.01	40.97	-4.52
3.02	40.93	-4.62
3.03	40.88	-4.71
3.04	40.83	-4.81
3.05	40.79	-4.91
3.06	40.74	-5.01
3.07	40.69	-5.11
3.08	40.64	-5.20
3.09	40.58	-5.30
3.10	40.53	-5.40
3.11	40.48	-5.50
3.12	40.42	-5.60
3.13	40.37	-5.69
3.14	40.31	-5.79
3.15	40.25	-5.89
3.16	40.19	-5.99
3.17	40.13	-6.09
3.18	40.07	-6.19
3.19	40.01	-6.28
3.20	39.95	-6.38
3.21	39.88	-6.48
3.22	39.82	-6.58
3.23	39.75	-6.68
3.24	39.69	-6.77
3.25	39.62	-6.87
3.26	39.55	-6.97
3.27	39.48	-7.07
3.28	39.41	-7.17
3.29	39.34	-7.26
3.30	39.26	-7.36
3.31	39.19	-7.46
3.32	39.12	-7.56
3.33	39.04	-7.66
3.34	38.96	-7.75
3.35	38.89	-7.85
3.36	38.81	-7.95
3.37	38.73	-8.05
3.38	38.65	-8.15
3.39	38.57	-8.24
3.40	38.48	-8.34
3.41	38.40	-8.44
3.42	38.32	-8.54
3.43	38.23	-8.64
3.44	38.14	-8.73
3.45	38.06	-8.83
3.46	37.97	-8.93
3.47	37.88	-9.03
3.48	37.79	-9.13
3.49	37.70	-9.23
3.50	37.61	-9.32
3.51	37.51	-9.42
3.52	37.42	-9.52
3.53	37.32	-9.62
3.54	37.23	-9.72
3.55	37.13	-9.81
3.56	37.03	-9.91
3.57	36.93	-10.01
3.58	36.83	-10.11
3.59	36.73	-10.21
3.60	36.63	-10.30
3.61	36.53	-10.40
3.62	36.42	-10.50
3.63	36.32	-10.60
3.64	36.21	-10.70
3.65	36.10	-10.79
3.66	36.00	-10.89
3.67	35.89	-10.99
3.68	35.78	-11.09
3.69	35.67	-11.19
3.70	35.55	-11.28
3.71	35.44	-11.38
3.72	35.33	-11.48
3.73	35.21	-11.58
3.74	35.10	-11.68
3.75	34.98	-11.77
3.76	34.86	-11.87
3.77	34.74	-11.97
3.78	34.62	-12.07
3.79	34.50	-12.17
3.80	34.38	-12.27
3.81	34.26	-12.36
3.82	34.14	-12.46
3.83	34.01	-12.56
3.84	33.89	-12.66
3.85	33.76	-12.76
3.86	33.63	-12.85
3.87	33.50	-12.95
3.88	33.37	-13.05
3.89	33.24	-13.15
3.90	33.11	-13.25
3.91	32.98	-13.34
3.92	32.85	-13.44
3.93	32.71	-13.54
3.94	32.58	-13.64
3.95	32.44	-13.74
3.96	32.30	-13.83
3.97	32.16	-13.93
3.98	32.02	-14.03
3.99	31.88	-14.13
4.00	31.74	-14.23
4.01	31.60	-14.32
4.02	31.46	-14.42
4.03	31.31	-14.52
4.04	31.17	-14.62
4.05	31.02	-14.72
4.06	30.87	-14.81
4.07	30.73	-14.91
4.08	30.58	-15.01
4.09	30.43	-15.11
4.10	30.28	-15.21
4.11	30.12	-15.31
4.12	29.97	-15.40
4.13	29.82	-15.50
4.14	29.66	-15.60
4.15	29.51	-15.70
4.16	29.35	-15.80
4.17	29.19	-15.89
4.18	29.03	-15.99
4.19	28.87	-16.09
4.20	28.71	-16.19
4.21	28.55	-16.29
4.22	28.39	-16.38
4.23	28.22	-16.48
4.24	28.06	-16.58
4.25	27.89	-16.68
4.26	27.73	-16.78
4.27	27.56	-16.87
4.28	27.39	-16.97
4.29	27.22	-17.07
4.30	27.05	-17.17
4.31	26.88	-17.27
4.32	26.70	-17.36
4.33	26.53	-17.46
4.34	26.36	-17.56
4.35	26.18	-17.66
4.36	26.00	-17.76
4.37	25.83	-17.86
4.38	25.65	-17.95
4.39	25.47	-18.05
4.40	25.29	-18.15
4.41	25.11	-18.25
4.42	24.92	-18.35
4.43	24.74	-18.44
4.44	24.56	-18.54
4.45	24.37	-18.64
4.46	24.18	-18.74
4.47	24.00	-18.84
4.48	23.81	-18.93
4.49	23.62	-19.03
4.50	23.43	-19.13
4.51	23.24	-19.23
4.52	23.04	-19.33
4.53	22.85	-19.42
4.54	22.66	-19.52
4.55	22.46	-19.62
4.56	22.27	-19.72
4.57	22.07	-19.82
4.58	21.87	-19.91
4.59	21.67	-20.01
4.60	21.47	-20.11
4.61	21.27	-20.21
4.62	21.07	-20.31
4.63	20.87	-20.40
4.64	20.66	-20.50
4.65	20.46	-20.60
4.66	20.25	-20.70
4.67	20.04	-20.80
4.68	19.84	-20.90
4.69	19.63	-20.99
4.70	19.42	-21.09
4.71	19.21	-21.19
4.72	18.99	-21.29
4.73	18.78	-21.39
4.74	18.57	-21.48
4.75	18.35	-21.58
4.76	18.14	-21.68
4.77	17.92	-21.78
4.78	17.70	-21.88
4.79	17.48	-21.97
4.80	17.26	-22.07
4.81	17.04	-22.17
4.82	16.82	-22.27
4.83	16.60	-22.37
4.84	16.37	-22.46
4.85	16.15	-22.56
4.86	15.92	-22.66
4.87	15.70	-22.76
4.88	15.47	-22.86
4.89	15.24	-22.95
4.90	15.01	-23.05
4.91	14.78	-23.15
4.92	14.55	-23.25
4.93	14.32	-23.35
4.94	14.08	-23.44
4.95	13.85	-23.54
4.96	13.61	-23.64
4.97	13.38	-23.74
4.98	13.14	-23.84
4.99	12.90	-23.94
5.00	12.66	-24.03
5.01	12.42	-24.13
5.02	12.18	-24.23
5.03	11.94	-24.33
5.04	11.69	-24.43
5.05	11.45	-24.52
5.06	11.21	-24.62
5.07	10.96	-24.72
5.08	10.71	-24.82
5.09	10.46	-24.92
5.10	10.21	-25.01
5.11	9.96	-25.11
5.12	9.71	-25.21
5.13	9.46	-25.31
5.14	9.21	-25.41
5.15	8.95	-25.50
5.16	8.70	-25.60
5.17	8.44	-25.70
5.18	8.19	-25.80
5.19	7.93	-25.90
5.20	7.67	-25.99
5.21	7.41	-26.09
5.22	7.15	-26.19
5.23	6.89	-26.29
5.24	6.62	-26.39
5.25	6.36	-26.48
5.26	6.09	-26.58
5.27	5.83	-26.68
5.28	5.56	-26.78
5.29	5.29	-26.88
5.30	5.03	-26.98
5.31	4.76	-27.07
5.32	4.49	-27.17
5.33	4.21	-27.27
5.34	3.94	-27.37
5.35	3.67	-27.47
5.36	3.39	-27.56
5.37	3.12	-27.66
5.38	2.84	-27.76
5.39	2.56	-27.86
5.40	2.28	-27.96
5.41	2.00	-28.05
5.42	1.72	-28.15
5.43	1.44	-28.25
5.44	1.16	-28.35
5.45	0.88	-28.45
5.46	0.59	-28.54
5.47	0.31	-28.64
5.48	0.02	-28.74
5.49	-0.27	-28.84
